38833.6
2337.82
0.224732
136.744
525.091
3.81912
309.588
136.248
1.0011
0.0605596
1.25683
0.266006
0.0461478
233.666
154.42
18.9495
33.9795
0.799428
11.5274
48.185
0.16127
0.777387
103.519
2784.19
2.80903
6.50725
48.5735
0.080845
0.0379615
0.199817
0.579441
1.00075
1.71731
138.92
0.0168106
0.00269797
0.00128457
0.00874106
1.00082
1.98197
2.78418
0.673179
0.0597382
10.1977
0.00135412
0.964419
0.00377875
16.2341
0.724769
12.264
25.3616
0.000384816
4.10054
0.0399336
1.00171
1.3314
0.0599976
0.737623
0.0250845
0.04245
7613.92
0.899588
1.16883
0.0752259
1.61852
0.0129838
0.12158
0.188054
0.0210824
0.0984797
0.475507
298.288
0.458063
0.182429
0.00116485
0.00231258
1.7235
5.71026
0.232711
0.012249
0.679589
0.0798679
8.87249
1.11575
0.361438
1.3602
4.54854
0.00498076
1.01506
1.74812
0.046163
125.379
0.148539
2.60552
0.0129991
0.319865
0.0145148
0.226385
0.00172862
0.270545
5.57197
1.77248
0.385451
0.551716
0.390788
0.201778
1.40278
0.0229992
0.000922516
1.41441
0.0192338
0.0897752
1.04566
448.979
0.00639757
0.0281105
0.0733629
0.13795
0.686656
0.0943906
0.122615
0.126828
0.0740201
0.2357
0.233889
0.0735091
0.0119008
0.000245254
0.000375651
0.390929
0.00911686
3.24035
0.060184
0.324551
0.0084032
0.00381689
0.496092
2.55944
0.115628
0.00156263
0.059709
0.121125
0.0168983
0.321661
0.106113
0.030035
0.136662
0.588842
0.262087
0.961641
1.09905
2.54248
0.51857
0.0933365
0.0779161
0.448842
0.000456173
0.000122993
21.6904
2.44015
0.0288666
7.8122
0.00968971
0.0488083
2.80874
0.0123004
0.000758697
0.0732413
2.70214
9.10323
0.113922
0.0120293
0.00293384
0.00700758
0.107654
0.0190668
5.3778
0.00472828
0.957513
0.0256302
0.728896
0.00179558
0.0136591
0.216734
0.764096
0.518245
0.133146
0.139686
0.656889
185.862
0.26113
0.474469
0.0650582
1.87691
23.1622
0.0271799
0.0000665139
0.0727959
0.0397531
0.252992
0.000588849
0.00266973
0.00811156
0.105342
1.47924
0.218115
0.182473
11.4895
2.28355
0.00107656
0.431535
6.8906
0.0350279
0.0076531
0.00924832
0.0475711
0.187751
0.0691694
0.0205052
0.00372508
0.216699
3.5427
0.00226963
0.0902864
0.470754
0.0112234
0.0104838
0.00143404
0.00842013
0.090266
0.0182527
0.00247083
0.0126715
0.0265708
0.0175056
0.00155444
0.162175
0.280244
0.000224574
0.0311362
0.0271799
0.19224
0.00228872
0.329729
0.000146996
3.88631
0.00168365
0.351331
0.621728
0.360232
0.00170765
0.990825
0.000140529
0.00060024
0.998358
0.0108719
0.10329
0.00269621
0.000388284
0.0354996
0.204237
0.0815089
0.00511848
0.848295
0.0000435771
0.000855139
3.50069
0.0535583
0.00734694
0.0567847
0.0190856
0.0000228261
0.00383385
1.73349
0.416131
0.00769385
0.16928
0.00205996
0.401459
0.356888
0.0202272
0.0177979
0.020446
0.0161147
0.0682542
0.717091
0.0313488
0.0202082
0.00139543
0.0204991
0.340458
0.041283
0.000175876
0.0046729
0.00113446
1.2783
0.000630309
0.00596492
3.19785
0.990462
0.123872
0.0000328336
0.00610419
0.00304449
0.00184243
1.07565
0.00045878
0.0208252
0.842836
0.00155652
0.0361099
0.0702794
0.00831673
0.156276
0.417231
0.750665
0.00483176
0.0000345614
0.0182743
0.000912204
0.00279393
0.155676
0.000751124
0.00183985
0.0399571
0.0453925
0.0102651
0.00201397
0.0218219
0.00142871
0.00116485
0.102779
0.00922502
0.00418378
0.0296987
0.00555643
0.0033089
0.41965
0.00451678
0.0307643
0.435346
0.111081
0.0201968
0.13874
0.203548
0.00319704
0.00036203
0.0108654
0.0270824
0.0162716
0.86366
0.080937
0.0000125866
0.0508503
2.85513
0.00265747
0.0148345
0.00984699
0.0223096
36.6435
0.0182493
6.65275
0.0141446
0.00674245
0.0000228369
0.00132584
0.000711663
0.00815377
0.0168858
0.0238674
0.231746
0.15201
0.0108719
0.00169407
0.00308788
0.133234
0.010307
0.0172774
0.0639163
10.9809
0.00472307
0.739203
0.0464176
2.70356
0.0586309
0.0407698
0.0698632
0.000255205
0.0326619
0.238901
0.000551136
0.00249496
0.00666168
0.0061787
0.00393519
0.0291606
0.0000512619
0.0175635
0.00778254
0.162299
0.00464323
0.0207987
0.0105016
0.0249798
0.00349552
0.0147979
0.0000411672
0.199188
0.0157682
0.0503406
0.00427169
0.226483
0.151554
11.3562
0.00618704
1.94095
0.564411
0.00410257
0.00932006
0.0117541
0.00242114
0.00709673
0.201736
0.0000824786
0.0289814
0.0023297
0.017754
0.00543993
0.0152489
0.2064
0.0761962
0.0789453
0.0139481
0.000124575
0.167808
2.96266
0.0032913
0.00363971
0.000636268
0.17592
0.0628502
0.437447
0.325736
0.000289708
0.00740085
0.00218594
0.213663
0.00611835
0.0182515
0.0182513
0.00197981
0.0348459
0.498919
0.0370333
0.00397683
0.000258949
0.000159797
0.138962
1.01985
0.145226
0.273978
0.000730604
0.0303793
0.00127595
0.00609964
0.000138623
0.00121532
0.000196071
0.00347404
0.0707273
0.0135392
0.031813
0.00438093
0.0178756
0.408113
0.000388284
0.0174945
0.146265
0.0102779
0.000271799
0.00620417
0.0369011
0.00660208
0.0360254
0.00741999
0.371664
0.0166522
2.01238
0.000975143
0.000781347
0.126962
0.101141
0.0189411
0.00310336
0.0489303
0.0000701614
0.00138315
0.000341692
0.000906618
0.748796
0.00343832
0.000946959
0.150371
0.00116501
57.2185
2.36347
0.0139977
0.0302286
0.157832
0.00282055
0.000123424
0.00314234
0.0000233931
0.0582426
0.0229711
0.00506548
0.000276646
0.0240663
0.00103723
0.00114214
0.707206
0.1891
0.00177817
0.00288733
40.4938
0.00159073
0.0699825
0.201674
0.0072321
0.00676947
4.20235
0.00028119
0.0119821
0.0003339
1.25066
0.0264925
0.24954
0.00300642
0.823315
0.0112997
0.0348287
0.00666569
0.00543597
0.00489156
0.000748871
0.000169329
0.025191
0.00279956
2.12847
0.0384313
0.0466619
0.00121956
0.115336
0.125
0.0520255
0.0209718
0.0058973
0.011649
0.0035381
0.00132559
0.00244185
0.00001
0.0105135
0.0620423
0.00385388
0.260347
0.000148559
0.0306186
0.0017645
0.00500911
0.0749812
0.023861
0.00685419
0.0307363
0.0399361
2.08799
0.00316947
0.00288913
1.05401
0.0100122
0.0333816
0.00000386622
0.0184495
0.0105696
0.0130062
0.00508294
0.00464943
0.00413656
0.0331201
0.00223837
0.0759772
0.000217535
0.0531949
0.000506777
0.00155314
0.0371477
0.0232367
0.352034
1.27024
0.0260515
1.01002
0.0512286
0.0000142754
0.00000910986
0.0515832
0.00093679
0.00356058
0.00044606
0.000507314
0.005424
0.0941495
0
0.00041992
0.000660082
0.0213556
0.0233641
0.0399932
0.000783203
0.00498065
3.63482
0.208007
0.00644551
0.00628481
0.0138645
0.00165281
0.00965603
0.0240472
0.000776568
0.201235
0.134789
0.00504769
0.00012132
0.031704
0.0924115
0.00333374
0.000494297
0.0000936021
0.000327767
0.0142656
0.00176904
1.04932
0.00096646
0.0018338
0.0702794
0.0099071
0.0157619
0.000598044
0.0103703
0.0000936021
0.0130894
0.000790704
0.00526346
0.0768802
0.406091
0.0202414
1.25629
0.000357666
0.00498835
0.131024
0.00284844
0.00280823
0.020925
0.0131975
0.0149074
0.0000361765
0.000388284
0.0913503
0.000391985
0.00000233356
0.00738843
0.0013583
0.0701041
0.000388284
0.068938
0.0198958
0.0257459
0.0847816
0.00129687
0.000555639
0.000205838
0.258239
3.13448
0.0000507921
0.0000303642
0.00776174
0.000178973
0.00160336
0.00129105
0.0100998
0.00946879
0.000388336
0.00302475
0.266142
0.102868
0.00707866
0.000195151
0.00033411
0.000221304
0.000396389
0.0781452
0.000660082
0.0000142631
0.496024
0.00151488
0.00810328
0.00249311
0.026015
0.00245546
0.00301757
0.00294264
0.295364
0.000800867
0.0000414662
0.0000326399
0.00333961
0.00195626
0.00702576
4.24262
0.00616702
0.0000484735
0.0601179
7.22559
0.0390283
0.00799966
0.00588031
0.00975471
0.000184411
0.00298965
0.0236853
0.00194168
2.25367
3.0123
0.0159485
0.00124003
0.000306371
0.00168431
0.0621337
0.0414592
0.00660082
0.000178406
0.0419463
0.00263851
5.16735
0.00664379
0.00000733884
0.00115476
0.0592723
0.0893053
0.00176057
1.48181
0
0.00383302
0.0000233931
0.0000090571
0.0080379
0.00144182
0.000229232
0.000852984
0.09665
0.0000318489
0.476036
0.00334628
0.000327533
0.000567631
0.0345414
0.0202419
0.0000482209
0.153709
0.000374309
0.0126323
0.132016
0.0439114
0.00310627
0.0100958
0.00052283
0.0150886
0.00000173287
0.000300143
0.00157026
0.0073999
0.00659439
0.02827
0.000407804
0.000260802
0.00442245
0.000272641
0.000642652
0.000360396
0.0105225
0.183152
0.000854131
0.0349763
18.5607
0.0019021
0.000413867
0.00117805
0.00173333
81550.5
0.0311219
0.00100085
0.0013907
0.054869
0.000181852
0.00000286356
1.95749
0.0415874
0.732438
0.0527572
0.473148
0.000105264
0.00390145
0.00582426
0.00018377
0.000396344
0.00363822
0.000370452
0.00434433
0.000263142
0.000444464
0.00000125388
0
0.00218475
0.0427112
0.103557
0.019422
0.000123826
0.0295096
0.414429
0.0161862
0.0850341
0.0000888567
0.00367042
0.00030533
0.00000996778
0.000107884
0.00662762
0.0361152
0.000374642
0.00543542
0.367027
0.00311832
0.000233001
0.00442941
0.0077513
0.328138
0.0194095
0.00104839
0.000776568
0.0000133716
0.00143889
0.00101041
0.024461
0.129971
0.00012599
0.0205818
0.00306532
0.0105022
0.00208139
0.00198025
0.000354784
0.0186446
0.0392167
0.00333407
0.0155817
0.0163804
0.0000349455
0.000187197
0.00350272
0.202002
216.615
0.00410291
0.000145088
0.00349502
0.00543597
0.000218628
0.000475291
0.130463
0.0000234005
0.0667937
0.0078202
0.116501
0.00466883
0.00262582
9.74779
0.0163679
0.00000349927
0.0967393
0.00000725187
0.00481999
0.00096104
0.0211929
0.00126683
0.0326758
0.00201853
0.476812
0.006022
0.201741
0.00000388284
0.000350897
0.00396344
0.00222064
0.00000776568
0.00396344
0.0706416
0.000200159
0.608134
0.0454275
0.000274501
0.000388336
0.00893053
0.000421077
0.0036754
0.00138749
0.0220644
0.0191225
0.304712
0.669551
0.105579
0.00255961
0.0763074
0.0022101
0.000388284
0.0127432
0.0134787
0
0.00161662
0.0396542
0.000122384
0.0147078
0.00068968
0.000000606809
0.0142791
0.000953037
0.0000294901
0.101625
0.00204793
0.0333924
0.0264033
0.0135931
0.00444543
0.00621254
0.000504769
0.000105478
0.0330745
2.1562
0.0450409
0.000388284
0.0000311108
4.26353
0.00744475
0.000111626
0.00621337
0.000023109
0.000000483855
0.038415
0.0780196
0.00103916
0.00368426
0.000672402
0.0331776
0.000163752
0.0101791
0.0147548
0.0163839
0.00118291
0.00550654
0.305146
0.470669
0.00751157
0.00388284
0.000202587
13.0401
0.00232953
0.000444477
0.00000304207
0.0023297
0.000209858
0.0000294812
0.000622141
0.00986112
0.00010005
0.00358223
0
0.000191276
0.0023297
0.018112
0.000187204
0.0000974722
0.16016
0.000850619
0.000909275
0.0194142
0.00210227
0.00751169
0.0069393
0.0572563
0.00795431
0.00155314
0.00171087
0.000240949
0.000100098
0.00384283
0.000591517
0.0626112
0.0451995
0.00276491
0.00180354
0.000442255
0.00112669
0.00017368
0.000244552
0.0709514
0.0212005
0.102083
0.0000163752
0.0023297
0.185096
0.00585882
0.0034169
0.0000182524
0.133841
0.0141463
0.000299264
0.000804428
0.00224785
0.00405757
0.0254437
0.00304854
0.0000018506
0.0668063
0.000235778
0.00155334
0.00497277
0.00120384
0.00099041
0.000580129
0.000726737
0.000253582
0.0000827747
0.00498065
0.000427112
0.000626995
0.000415228
0.00000701801
0.0305709
0.0078367
0.00504769
0.0275681
0.0104837
0.00231303
0.00456419
0.0015435
0.00388284
0.00271799
0.0000213037
0.00643912
0.00111632
0.000446526
0.000997565
0.0595911
0.000561435
0.00123691
0.0465079
0.00194142
1.45364
0.00000148147
0.0060192
0.0000743687
0.000061285
0.000820097
0.000175705
0.0263545
0.00402471
0.000573109
0.0000182795
0.0000835135
0.00301808
0.00000569353
0.0000122462
0.00229271
0.018971
0.00596523
0.0186376
0.0017077
0.000739181
0.000169311
0.000710262
0.00000000221304
0.0000467863
0.0000229253
0.00194142
0.00029947
0.0046594
0.00000280718
0.0103188
0.0815898
0.0446586
0.0000140359
0.000351138
0.000116485
0.000350897
0.00194163
0.000822193
0.000935726
0.00000388284
0.01
0.00107813
0.000835283
0.000982822
0.00348558
0.0835234
0.0000691005
0.0929271
0.00106508
0.000233931
0.116889
0.000456751
0.000419075
0.000374241
0.000248781
0.000388999
0.0000459675
0.00000323026
0.0046594
0.00000514812
0.00310627
0.00000304111
0.00000350101
0.0000495536
0.00000140403
0.0178634
0.00000483781
0.000388284
0.00000388284
0.0000217625
0.0000369213
28.2406
0.000000486461
0.000139565
0.00044461
0.00000495246
0.000000060065
0.000766748
0.00000795367
0.0000396344
0.0000122008
0.00417703
0.000216175
0.000000677258
0.000196062
0.0057917
57.7438
0.0228843
0.0105032
0.119476
0.0806593
0.450128
0.000116966
0.0122452
0.0000863604
0.11666
0.867388
0.286147
0.000542865
0.0786982
0.0249088
0.229028
412.801
64.0011
0.00334162
0.0471121
0.00155874
0.0188344
0.0201941
0.795108
0.0111613
0.0000570463
0.0000314224
0.000388336
0.000776568
0.213556
0.0368771
0.00104342
0.000103807
0.0023547
0.00554881
0.0287849
0.00000871991
0.0123134
0.000381021
0.000384434
0.0869649
0.0116664
0.00518966
0.00427592
0.020673
0.0155314
0.0021591
0.0294365
0.0202243
0.000524091
0.0155244
0.00467863
0.0108719
0.151272
0.293073
0.19017
0.0000323949
0.00116091
0.000956079
0.000388284
0
0.086582
0.22174
0.00029066
0.00621146
0.000192478
0.124209
0.0000238613
0.0258396
0.261315
0.00132274
0.00532576
0.00330171
0.0108734
0.00030157
0.00000990667
0.0000859219
0.000527933
0.0636713
0.0918333
0.100565
0.000356788
0.196958
0.00646205
0.000129095
0.02145
0.00256224
0.0566227
0.000242158
0.000024376
0.0468415
0.122396
0.000953612
0.000456751
0.119151
0.0233931
0.0000234005
0.0163079
0.00124577
0.0169086
0.063687
0.0000235741
0.180931
0.122399
0.00592723
0.0194908
0.00855935
0.00582426
0.226634
0.00627816
0.0898629
0.007534
0.0128598
0.000899766
0.00084281
0.00246148
0.00194168
0.0337632
0.000124569
0.00498452
0.109074
0.0000840442
0.000988153
0.000413659
0.000101196
0.00169172
0.0023297
0.0248944
0.00516412
0.00649274
0.0607821
0.00836043
0.0000265287
0.00852276
0.00149778
0.00110534
0.000365088
0.00220822
0.0194274
0.0000077651
0.00021535
0.0061037
0.0182493
0.000388284
0.00116601
0.000563591
0.0106495
0.00116485
0.011482
0.0163101
0.000238824
0.00352919
0.00163101
0.00165076
0.135899
0.0000164252
12.256
0.0102115
0.000660082
0.00103815
0.00854338
0.00117521
0.0321852
0.0233959
0.000075329
0.000269104
0.112617
0.0041723
0.000659944
0.000129895
0.00194142
0.00399932
0.000111267
0.000740904
0.281652
0.0209693
0.000490179
0.00983753
0.000439611
0.00194142
0.00015019
0
0.000402601
0.0000294415
0.000388284
0.000133789
0.0000395352
0.00737739
1.5927
0.0119505
0.000651106
0.00012
0.0236634
0.000129896
0.000282355
0.00157013
0.00893053
0.00716387
0.000388284
0.000259793
0.0183405
0.0194142
0.00537414
0.0216945
0.00144273
0.000396175
0.00519548
0.150659
0.00176154
0.000388284
0.000129896
0.00823273
0.00227923
0.00207227
0.00116485
0.0000167979
0.000446514
0.212077
0.00307367
0.000172987
0.0000396593
0.0000388336
0.000388284
0.000300269
0.00207192
0.00000500068
0.000388336
0.000388284
0.0000422878
0.00166091
0.0000997379
0.0000068392
3.0811
0.00579946
3.93397
0.0044929
0.000644714
0.000776671
0.23339
0.000776671
0.00798248
0.00111136
0.0000332183
0.00854224
0.000109443
0.0085204
0.00569004
0.026601
0.00000350423
0.0899783
0.246651
0.0104837
0.0005407
0.0000857591
0.000334182
0.000563775
0.0166096
0.0046594
0.000831905
0.00240736
0.0586147
0.00621254
0.0280299
0.0012712
0.0150584
0.0608345
0.00231676
0.000324389
0.0287168
0.0182105
0.00000523354
0.000958667
0.000388284
0.0000415228
0.000894337
0.000157236
0.000514812
0.0621254
0.000171286
0.241183
0.000519586
1.7586
0.0000988954
0.00236924
0.000160509
0.060184
0.00854338
0.00595711
0.00970709
0.00364886
0.0903317
0.000585753
0.00116485
0.000569658
0.0406519
0.374805
0.0000447084
0.000388284
0.00508768
0.000896881
0.0162246
0.049707
0.0023297
0.000641605
0.00151569
0.000308108
0.000674899
0.00000740313
0.0203515
0.00428655
0.00240064
0.00212602
0.00233001
0.00621337
0.000181293
0.0000880922
0.00649477
0.00582426
0.00155314
0.0000776568
0.00000281394
0.166051
0.000546319
0.00428655
0.000388336
0.00271835
0.00155314
0.000781132
0.000323329
0.000285655
0.00931881
0.0376629
3630.8
0.000116457
0.00271799
0.000000776568
0.00363707
0.000160422
0.3411
0.0022484
0.000388284
0.00737739
0.0000672738
0.000334501
0.00701855
0.00100267
0.0000233931
0.00854331
0.000317976
2.32348
0.000452351
0.0023297
0.000388284
0.00699004
0.000163576
0.0000715955
0.000388284
0.000102761
0.0124167
0.000167271
0.0217322
0.000129896
0.000776568
0.0000213279
0.0000623311
0.0000233931
0.0000246155
0.0124639
0.000032254
0.000297469
0.00572686
0.000505307
0.000369927
0.000116852
20.8385
0.000504769
0.000303117
0.000259661
0.000103769
0.000255053
0.000401273
0.0415464
0.0023297
0.000776568
97.6813
0.0264033
0.00718743
0.0000150857
0.0000571281
0.0000927185
0.0000467863
0.000396344
5.00745
0.000443652
1.23762
0.0166984
0.00102321
0.0000000663151
0.000287745
0.0435051
0.00139056
0.0275681
0.0132016
0.0000662453
0.00113159
0.000248939
0.000551739
0.0112602
0.000205868
0.000388284
0.000388284
0.00113148
0.000776671
0
0.00274052
0.000206935
0.000388763
0.000396344
0.000467654
0.000388284
0.00311846
0.000388284
0.000252945
0.000871476
0.000932006
0.000361158
0.00182493
0.00543597
0.0000949761
0.00233001
0.0427112
0.000183182
0.00826408
0.00722304
0.0000223267
0.00138486
0.00932006
0.168407
0.000369762
0.0000776671
0.000940184
0.0135899
0.000970839
0.0108719
0.00194142
0.000349422
0.0768802
0.000161921
0.00116501
0.0141724
0.000388284
0.00893053
0.00000229
0.00000280718
0.026015
0.000388284
0.0000722317
0.000776568
0.0054367
0.00000414898
0.00466003
0.00103916
0.000388284
0.0000936091
0.000388284
0.0000373266
0.0000774051
0.0000501383
0.000046857
0.00032961
0.00388336
0.000388336
0.0508652
0.00869846
0.000388284
0.000388284
0.0000718944
0.0000000709021
0.000776568
0.00417298
0.00155942
0.00116485
0.000356306
0.00207976
0.0120751
0.00582426
0.000138573
0.00057061
0.0000877517
0.000779366
0.0104851
0.0000258309
0.00018892
0.0854754
0.000217535
0.0000100591
0.00543597
0.000621254
0.00122354
0.00310627
0.0139782
0.0171602
0.00233001
0.00660082
0.000388284
0.00268288
0.00194142
0.00133976
0.00101698
0.000388284
0.0132843
0.00213556
0.000679982
0.00116485
0.00792362
0.00348967
0.0000820658
0.0118075
0.000448172
0.000776568
0.000779148
0.00133625
0.000786145
0.0372752
0.00000031758
0.000557714
0.0000339801
0.0315586
0.000388284
0.000779839
0.000986262
0.0015976
0.000388255
0.00079815
0.0000671878
0.000284304
0.0000849788
0.00000928415
0.000686451
0.510748
0.00029688
0.00032173
0.00317262
0.000304535
0.0000722485
0.00000182553
0.000388284
0.00000750913
0.0000827111
0.0000000600114
0.0139782
0.000361433
49365.8
0.00112761
0.00224832
0.000129895
0.0013222
0.0000113035
0.00356227
0.0000935894
0.00815396
0.00067665
0.00010005
0.00115884
0.000333639
0.0000926844
0.0133654
0.00010262
0.00518963
0.036701
0.000660082
2.83193
0.00603647
0.00156734
0.00193283
0.000785699
0.0000739943
0.215951
0.0000747404
0.0166091
0.00124267
0.00169154
0.00427073
0.0562877
0.0122867
0.00415229
0.0000571132
0.000465782
0.00204179
0.00011373
0.00224004
0.00727941
0.00560782
0.00000538212
0.847253
0.00168431
0.0566894
0.000132034
0.0000000200199
0.000388255
0.000132472
3.59515
0.0407682
0.00186853
0.000217988
0.0161937
0.0745823
0.000776568
0.0100366
0.00660171
0.0103727
0.000142882
0.00621254
19.8556
0.00026934
0.00023297
0.00155314
0.0155314
0.000370452
0.0350679
10.9588
0.0419531
0.0167043
0.00109042
0.00125701
0.000324389
1.03779
0.00194168
0.000561477
0.0000000184963
0.000240633
0.00010189
0.00000476347
0.0000461485
0.0000802111
0.00000175157
0.000493378
0.480604
0.00168438
0.00000209059
0.0244498
0.0903839
0.00000131528
0.557769
0.0000802111
0.0000803014
0.0000814975
0.000000152569
0.000000635168
0.00103895
0.00784894
0.0000802459
0.00258328
0.0000835428
0.0000974096
0.0000845659
0.0000968465
0.00737838
0.0000968158
0.0000760103
0.0000833725
0.000256521
0.0000962581
0.000000186772
0.0000975377
0.000080345
0.00874106
0.000165975
0.00010326
0.0000829685
0.0000847842
0.000288683
0.000103414
0.000103586
0.0000825448
0.00000179833
0.000082639
0.0000802682
0.0000819192
0.000457635
0.0143665
0.0798161
0.0155334
0.0054367
0.00181125
0.049508
0.0114652
0.000143715
0.0158775
0.0209074
0.000388284
0.00731205
0.128683
0.254132
0.439093
0.346881
0.00487422
0.106516
0.0000920252
0.000361158
0.00179582
0.00591707
0.00000615157
0.00364185
1.28027
0.126456
0.0237595
1.97457
0.00565858
0.00110121
0.0128725
0.000000776568
0.0191385
0.0000210032
0.0445872
0.00000930945
0.971563
0.00000274628
0.00181284
1.13183
143.143
0.0221322
0.00103916
0.0000134454
0.00000904722
0.000132497
0.000082649
0.00188287
0.000000132328
1690.5
1.18733
0
0.0233001
0.000865546
0.00693147
0.000150578
302.687
0.00660082
0.0271375
0.00664442
0.048087
0.0588458
0.128236
0.0284465
0.00000778786
0.0151529
0.000137741
0.00252931
0.000347685
0.00370163
0.00116477
0.0201908
0.00008327
0.0000756188
0.0000754517
0.00667335
0.000164293
0.000057926
0.0203279
0.00000828501
0.00110923
0.289025
0.0932005
0.849619
0.138034
1.98677
0.00930435
0.00401581
0.000864555
0.00310627
0.00371739
0.197032
32.551
0.718809
0.00120855
0.684714
18.3679
0.816904
0.013004
0.159228
0.165755
0.351741
0.0170124
2.42868
1.00204
0.00868512
0.299236
0.00399606
0.0000959513
0.314802
0.000698589
0.0129543
534.249
0.78633
0.00840897
0.00287175
0.0149815
0.00659344
48.9822
0.0389545
0.00574222
0.00969216
0.0193527
0.000108696
0.00509418
0.0000594766
3122.56
0.0204081
1.95671
1.04612
0.0926805
0.259741
0.00281443
0.0103274
0.0214065
0.00250558
0.000100108
0.000221248
0.692242
173.128
0.00616582
0.0389383
0.0336915
0.279003
0.000145826
0.0716254
0.00501376
0.388407
0.472718
0.0000190739
0.00131265
0.00327831
0.00552826
0.000179712
0.770087
0.0137435
0.00606957
3.14343
0.0405335
0.0000400226
0.051449
0.00121913
0.000875406
0.00607585
0.0019286
0.22931
0.0000601244
0.107944
0.00817616
0.000396157
0.508294
0.00153507
0.0301439
0.000718184
0.00711749
0.00118632
0.00000961618
0.139
0.0015944
0.0000333295
0.00000118949
1.51367
0.0570842
0.000495938
0.0162447
0.00007973
0.00271332
3980.94
0.0124655
0.00628106
0.00112241
0.000220376
0.000195079
0.0031784
0.496983
0.00276707
38654.4
0.000282951
0.000604365
0.0000379461
0.000100037
0.0110845
0.00227517
0.0949203
0.00184156
38830.3
0.000279359
0.000310782
0.0121164
0.809103
0.0154614
5.93666
0.00569522
0.0164427
0.00153669
0.000148694
0.339117
0.000322215
0.585323
0.0194685
38875.7
0.00220374
0.000256277
0.00121935
0.0127446
0.0000688459
0.0000340439
1.17063
0.00044447
0.0000822967
0.000438994
0.000842139
0.0016873
0.0127779
0.000889753
0.0000160932
0.00176339
0.00869817
0.228342
0.000489264
0.00120547
0.0111237
0.000276285
0.000545102
0.00573628
0.000265471
0.000148258
0.000140565
0.00000702828
0.00000600363
12.2201
0.00000811958
0.00000292056
0.000804993
0.00647603
0.000431465
0.00000110465
1.01921
20.4961
0.000360309
0.0268
0.0000693168
0.00103169
0.00639033
0.00273569
0.00000239396
0.000245132
0.918264
0.0188848
0.181803
0.000643428
5.2858
0.4643
0.00197668
0.0104578
0.00000294822
0.00148418
0.000989859
0.13794
0.0013839
0.144054
0.00000212688
0.00430434
0.00501048
3.48776
0.000175502
0.00148616
0.00144865
0.020152
0.00172678
0.000131472
0.00176479
0.00100591
0.0000474995
0.157207
0.559134
0.00750167
0.00134492
0.0117157
0.00255438
0.0398967
0.556793
1.10135
0.00110278
0.12277
0.000355262
0.000756698
11.7909
0.0018442
0.00778212
0.00010327
0.0000512768
0.000328144
0.00195427
0.000198025
0.0000610508
3.38501
0.00519842
0.0179618
0.337807
0.00409353
0.00906865
0.00742187
0.0451042
0.00136561
0.363869
0.00768855
0.0383035
66.5029
0.00000237919
0.0549202
0.00158537
0.000649225
0.00054587
0.971568
0.000280718
0.158032
0.056071
0.0175
0.0000190206
0.000230859
0.0000729583
0.000205838
0.00732653
0.000388284
144.959
1.3906
0.0000835209
0.00000980941
0.0000157979
0.00410056
0.0116485
0.00242306
0.000776568
0.000460052
0.00000226245
0.000145974
7.14591
0.0183131
0.000568065
0.000629534
0.000737776
0.00187948
0.0018988
0.000973166
0.000061175
0.0000683344
0.00211792
0.00271799
0.427642
0.00156291
0.000413776
0.000100123
0.00000299163
0.0000312001
0.0000384353
0.0000226718
0.00020786
0
0.00067776
0.0261038
0.000927828
0.0000946821
0.000372878
0.0466232
0.0290505
0.0000467887
0.000725454
0.000183426
0.0935148
0.000136687
0.00327667
0.000291526
0.000000388177
0.000339071
0.000143256
0.00055
0.00000181208
0.000196595
0.00000873058
0.00000207183
0.00621102
0.000000980518
0.27522
0.0000802111
0.00000165
0.000347909
0.0149589
0.000311685
0.00152887
0.000123742
0.000000623761
0.0000944701
0.00541018
0.000000715854
0.0000000319403
0.000113319
0.000215568
0.00108559
0.000167251
0.000000182622
0.0000714219
0.00000541157
0.0000934527
0.00000301665
0.000183613
0.0000517475
0.00267736
0.000188271
0.0000708469
0.193696
0.000731439
0.0000497116
0.0396724
0.00106185
0.000103606
0.00833544
0.00153669
0.0422512
12.1752
0.000192591
0.000481266
0.000000582188
0.0000975698
0.000885624
0.00103924
0.00131516
0.00000712682
0.0000808912
0.0263466
0.0000406025
0.0000149656
0.00117949
0.000317164
0.0000356699
0.00000205566
0.0000875841
0.00980702
0.0123383
0.000084225
0.000698189
0.00000938029
0.00160156
0.0000876393
0.0000928449
0.000184131
0.0489722
2.87963
0.0064011
0.000417843
0.00185761
0.0110436
0.0000836379
0.00169639
0.00236699
0.000496169
0.000225296
0.0000622837
0.00802797
0.000103356
0.00168378
0.000172919
0.0000913922
0.0130284
0.00232985
0.0000701794
0.498266
0.0320379
0.0311
0.103285
0.000190259
0.000745558
1.23687
0.0000271623
0.0247608
0.00289313
0.000326087
0.0282125
0.0000881309
0.0979502
0.000846617
0.0177822
0.00163135
0.00757024
0.000440009
0.0710214
0.0043985
0.184806
0.00130141
0.0000538599
0.00429797
0.00152223
1.10448
0.0314368
0.0463092
0.000194306
0.707747
0.433234
0.000393617
0.0253285
0.0145329
0.0534198
0.386166
0.00306141
13.8967
1.19374
0.062058
0.588902
0.0117532
1.91302
0.000843852
0.00370793
0.0165908
0.169336
0.000335404
0.0455727
0.0505308
0.0200046
0.00985307
0.0132002
0.209776
0.542587
0.206747
0.000373356
0.00387908
152.642
0.00271236
0.00285188
2.24697
0.0029298
0.00151451
0.00971754
0.0345441
1850.43
0.000188877
0.00296903
0.00168118
0.000620048
0.00000152185
0.00399729
0.0749061
0.0460586
0.00325263
0.0330667
0.000200228
0.6655
0.121672
0.0184145
0.000690983
0.00565366
0.000103592
0.010828
0.00134022
0.05584
0.00102434
0.0029269
0.0993265
0.00163827
0.00000900649
0.00109739
0.294687
1.00074
0.389633
0.00305552
0.0236623
0.0200475
0.00919495
0.20963
0.00108828
3.57225
5.88784
0.0505918
0.000394315
0.127299
0.704487
0.000100117
0.0001034
1.00063
0.416729
0.0221658
0.0000610508
0.173597
0.0108028
0.00115624
0.567052
0.0000690416
0.000384116
0.00262422
0.00560413
0.00908878
0.00384844
0.00427366
1829.6
0.001751
0.00157977
0.1
0.0111446
0.0000513132
0.00000489372
0.00164909
0.00045992
0.0000010046
0.165132
0.0217871
0.00263188
0.044877
0.0000549039
0.0000282756
0.00173293
0.34972
0.00965214
0.00270108
0.0552228
0.0155921
0.00125573
0.00100869
0.102337
0.207708
0.000239184
0.0195576
18.297
0.0088922
0.00116501
0.0000122633
0.000233931
0.00117127
1.00078
0.00257891
0.000822446
0.000626179
0.00435947
0.00000916262
0.00273645
0.000377339
0.0117259
0.737419
0.176713
0.00186395
0.00282859
0.0264033
0.000233763
0.000465941
1.19912
0.021149
1.56155
0.0345465
0.0000000567149
2.45138
0.00405243
0.279221
0.00000999131
5.01975
0.000025721
0.25864
0.0000116966
0.465065
0.0162785
0.210976
0.154857
0.0192905
0.00409248
0.000549558
0.168007
0.00280847
0.0520898
86.1759
0.00931987
0.000215417
0.0000926086
0.00000107
0.000734235
0.00833958
0.00300389
0.0223184
0.000224129
0.00562609
0.00404052
0.00037429
0.00202311
0.0131128
0.7913
0.00000121778
0.01509
1.28876
0.00127074
0.000209226
0.00131306
2.68318
0.000349275
38.298
0.17346
0.0100414
0.105021
0.00254932
1.00158
0.0212645
0.0611712
0.000850921
0.000294707
0.439652
0.0168151
0.0169448
0.092534
0.0119456
0.538938
0.0558459
0.0000417859
0.0159294
0.000166103
0.00988289
0.000096891
53.9823
0.0000250665
0.722255
0.546881
0.00000215
0.00372536
0.0394942
0.000370531
68.7529
0.0789044
0.0672569
2.3226
0.046743
0.00795623
0.0067182
0.203428
79.468
0.293435
1.99627
0.00233001
0.0271428
0.0185285
0.000470164
0.0407077
1.31352
0.0021
0.000176667
0.0534168
0.0010291
0.0000296482
0.0000116501
184.583
1.01106
0.153667
0.389267
0.210255
0.138992
0.000119049
0.279165
0.000388284
2.15745
0.0243
0.0705469
1.6391
0.0213556
0.0178611
0.180893
0.0166548
0.00043521
0.00000741981
0.115397
0.0311983
0.000684147
0.000271835
0.0263873
0.101549
0.0126526
0.00011237
0.00104227
0.227568
0.0150962
0.00077916
0.52924
0.0696545
3.65946
0.0305114
0.0315023
0.321149
0.0271175
1.00148
0.00321962
0.676498
0.00497363
0.165285
0.147213
0.429281
0.41987
0.00106129
0.00302919
0.0000175254
0.00028222
0.0153348
36.6033
0.0311187
0.0571606
0.0264689
0.000135231
0.000759023
0.0000000237499
0.00391257
0.00133144
0.0262603
0.00374803
0.771165
0.0757566
0.000530571
1.53198
0.360905
0.00255222
0.0000876312
0.000529437
0.000543597
0.000863987
1.42815
1.17404
2.3615
10.3914
0.000000239273
0.389623
0.00115924
42300.2
0.0000468011
0.388289
0.0107844
0.000396157
0.000129895
55.9434
0.000817632
0.00388284
0.0404709
0.00395917
0.012078
0.00000707617
0.0441696
1.95672
0.0489886
1.00488
0.000250337
2.21759
0.0289008
0.209372
0.362113
0.0128549
0.227565
0.000000100703
0.0109038
3.24444
0.253264
1.0887
1709.64
0.114902
0.000234705
0.124255
0.173412
15096
0.0186984
0.0000395182
0.0261314
0.185221
0.0283447
0.0593342
0.00153877
0.0011291
0.121269
0.000732157
17.6641
1.37974
0.000217568
0.0146836
0.000209212
0.0250973
0.0014597
0.0317292
0.00338673
0.0154575
0.000388329
0.0323014
0.00500885
0.184323
5.19726
0.00169779
0.078638
0.24812
0.64496
0.842222
0.000336003
5.44854
0.000891326
0.0103708
0.00818767
0.403837
0.000192059
0.0043525
0.295027
0.0260754
0.180294
0.00734749
0.161498
0.110877
0.00839371
0.00000753271
0.000430814
0.0219349
0.101762
18.8534
0.00145998
0.00569781
12.3164
2.62001
0.954512
0.0093235
0.109589
0.331837
0.0000144156
0.0206991
0.145427
0.00386099
1.55207
0.00000205619
2.04625
101.23
0.000567258
0.000000160022
0.281978
31745.8
0.00197958
0.0129552
1836.25
0.00963055
0.000007049
5.78198
0.0192397
0.0214062
0.0026121
0.160925
0.00196369
88.5782
0.0146462
53882.3
0.0200608
0.0718249
9.75672
0.0328308
0.00268288
0.00009499
0.000131264
0.00171947
0.0486695
0.0176145
0.00132623
0.0408966
0.0474866
37.7027
0.290824
0.251081
904.398
0.0000133033
0.00319141
0.000855901
0.00447005
0.27336
57.3516
0.430418
2.08523
5.51608
41.5108
0.0000785001
0.00454233
0.0000000239139
0.000443851
0.310738
0.0024456
0.0466089
1.00821
0.000583668
6.50934
0.0807142
0.0000554063
0.332799
0.00503763
0.416025
0.00517364
0.00835479
0.00100108
0.00251272
0.0161389
3.48678
1.23007
0.1724
0.00271835
0.00179161
0.00279782
0.0106502
0.0033935
0.000000863071
0.139468
1.3883
0.0000299782
0.313324
0.0183452
0.00850702
0.179366
0.0880953
0.701105
0.00036026
0.00009972
0.0328492
0.00244603
0.00440171
0.00846947
30.6881
0.00883536
0.0504769
0.0126627
0.0895855
0.159568
0.461669
0.248812
0.0945734
11741.1
0.0074427
0.999119
0.00832321
0.0353747
0.0218517
0.000002447
0.102684
0.0168761
4.25177
0.000300155
0.0308115
7.23371
0.0314729
0.33797
0.0226708
10.3112
0.475784
6.52168
0.130344
1.99962
1.80386
0.415461
0.0654195
0.0212883
1.05265
0.00700191
0.00413183
0.0127163
0.00533721
101.652
0.00116433
0.0111285
0.0209408
0.00538135
0.111149
0.069937
0.00342424
0.00977958
0.0012036
0.000147831
0.000274546
12.6075
0.39242
0.00198198
0.746273
0.0217897
0.00622977
0.0132044
0.982464
0.000204393
0.623839
0.0000213585
0.000540084
0.00388284
186.779
0.0130562
0.697354
0.000271493
0.00112864
0.0139975
11.3169
0.0367939
0.00901719
0.000740745
0.00467648
0.0000971889
0.00403809
0.0815051
0.0319899
0.63555
0.0173283
18.8284
0.0000335628
0.013678
0.0132225
0.0961522
0.223732
0.0218962
0.00272277
0.0409321
66.1922
0.204799
2043.96
0.316882
0.000776568
0.0473517
0.0169927
0.000237197
0.0179802
3875.61
0.00162099
0.00494531
0.00522325
0.00663113
0.205818
0.00409766
0.131659
4.63017
0.000768908
1.1541
1.0581
0.00840506
0.0188555
0.0215442
0.246138
0.455554
0.0904652
0.00562254
0.56278
0.100255
0.025418
0.280374
3.36359
0.0217498
0.147552
0.187142
2.27045
1.16961
0.00363194
0.0344639
0.0100509
0.224417
0.00000239652
0.934446
6.54898
6.87601
0.037808
1.05243
0.00577737
0.0361104
0.048614
6.6269
0.00420101
0.114561
1.07742
2.63651
0.0827049
0.236465
0.000000119928
0.000180051
8.39316
0.00670105
0.00376562
0.305597
8.53895
0.00209261
0.490479
0.186613
0.0264841
0.0230484
0.00704642
0.00255651
0.0649323
0.441108
10.5768
3.43707
308.703
0.0976526
0.000971745
0.314117
0.00105152
0.0153338
0.000027224
0.330438
0.633989
0.000309946
0.0120796
0.0018044
7737.45
3.97106
0.159196
862.998
0.0155434
0.0520768
0.00400916
1.94468
0.00115695
0.207927
1.00003
0.324074
0.000956684
0.0408716
0.0123023
13.3922
10.5125
0.00475117
0.0717539
0.000594107
0.202843
0.0413064
0.0152945
0.000572114
0.00883608
0.0262757
0.000201873
0.756863
2.07121
25.0391
0.694486
3.89723
0.00000133154
0.651425
0.00655162
0.0140362
1.72254
385.112
0.0556059
0.52699
0.00728858
0.000331835
1.52908
0.0320068
0.00177591
8.71552
0.000191798
0.000000284093
0.029143
0.107988
0.0198214
6.86154
4.06966
9.57495
0.0157495
0.601358
0.00373081
0.00522389
58.646
0.192563
0.0221663
0.00259791
0.00638056
0.72511
0.00259722
0.145621
19.5715
22.0224
0.00448688
0.00827728
1.03338
0.000502621
6239.33
0.128109
547.955
0.014026
0.00735634
0.00116448
0.00236208
1.00178
0.307713
0.0461994
0.00169299
44.1968
0.0590624
0.69456
0.000586077
0
0.180879
0.0197206
0.0478854
0.00187672
0.0163656
0.794671
257.775
197.532
0.00594623
2.40729
0.0205101
0.00000403783
0.0281893
0.648891
0.0618089
0.0636408
0.000651173
0.194612
0.00159594
0.0999046
1.07886
0.00169341
0.137684
0.0473626
0.00113838
0.30689
0.000388336
14926100000
0.0846312
0.891782
0.000811771
1.69971
165.367
0.274913
0.131226
0.029137
0.0416352
217.041
0.953957
12.0667
0.00233931
0.0253453
0.0128664
0.00836208
0.0830876
0.0116443
0.00352425
0.00470487
0.0195746
0.294096
36.6
0.227909
0.00473901
0.00109602
0.0857651
0.997355
1.12981
0.00351947
0.00000698653
0.00492168
0.508847
5.81843
0.149745
294.666
0.000540526
0.73947
0.171086
0.0233185
0.254691
0.0205188
0.00150972
0.0000841457
13.8036
0.616628
10.7589
0.000616053
89.3124
0.000272318
29938.6
37.0911
0.0149295
39465.2
0.00104265
0.0177978
0.491547
0.0116324
3.33067
25.663
0.0382988
8.28233
1.05169
0.44012
0.291923
0.26216
0.100112
0.00580528
0.000308886
0.00562778
28.0413
0.0994006
0.0113837
0.00270951
0.0302341
0.072183
0.120635
0.00157019
0.0972981
0.0449737
0.00495756
0.749785
0.00306476
0.0438526
0.0630668
1.74878
0.0902084
0.112577
0.000332632
0.0850359
52.4159
48.9219
0.0000696722
0.0599776
0.115229
96663.2
3.068
0.328365
0.0207544
0.14216
32.308
0.0346252
2476.68
9.02875
0.584337
0.0231106
0.000129896
0.145162
0.0569296
0.000311677
0.308994
0.0968344
0.341068
14.4135
0.0273706
0.298608
0.0393041
0.000866362
0.0252746
0.11182
0.395983
0.16999
0.00000614722
9.9488
3.06147
0.172165
0.00474784
0.0000819703
0.00233154
0.00958829
0.00989054
0.13992
0.0430836
1725.1
0.0727936
0.0323268
442.128
0.0158491
0.0308072
0.0696161
0.027794
0.0147254
0.0020838
0.00360334
0.00000371125
0.6153
8.58722
17039.8
0.0962753
0.000617648
0.0091951
0.0043031
0.0131024
0.514556
0.000037666
0.0403272
55.575
0.0159761
2.272
0.000944571
25.9313
17.665
36.1925
0.00384222
0.03612
59700
0.03904
0.00117
0.0860836
0.153493
0.00420566
0.0452879
0.0517926
0.00416669
0.183672
4.45779
0.00020481
0.35718
282.8
0.000147409
0.439203
0.000122068
0.122715
161.907
0.0111927
0.0453867
1.01542
0.0130508
0.09585
0.0136627
0.194469
0.0286071
0.000439042
0.252065
0.00217156
0.00902436
0.121266
0.00464292
4.29793
42.1556
1.09996
0.00000135723
0.0102252
0.000135388
0.125054
2.20283
42.6877
0.00580157
0.0183466
0.0131937
0.00168417
0.0236481
0.118026
0.670585
0.00119718
0.134783
0.580635
0.0219951
0.159567
0.0147981
0.00414255
0.0225564
20.266
0.0224228
1.40167
1.97051
0.00401026
13.7608
1.78144
0.00744404
1.507
0.816345
0.120996
0.00129502
1.0173
0.0254861
0.0439885
0.60389
0.614539
77.1921
0.00970049
0.057107
0.00335255
0.0186384
0.00801577
0.00175215
0.00119523
0.00215732
0.000396144
1.01179
0.0104699
0.0567235
0.0207224
0.97841
0.00892015
0.000545307
1709.4
0.000443251
0.0708203
0.0119809
0.000907786
0.00507704
0.0141328
0.000322314
0.03691
0.0835819
0.00121478
0.000323329
0.00737739
0.0701794
0.409509
0.227809
223.886
0.872026
0.000987699
0.0621318
8.81333
3.43576
0.420545
0.109942
0.00444835
0.621005
0.109394
0.00038303
7.11096
1507.5
2.13382
0.000826898
0.012251
0.00502336
0.0521645
0.00150006
0.999721
344.988
6.03054
0.0628338
0.0420988
0.00025005
0.514483
1.56865
101.665
0.00396412
0.0203354
0.0224767
0.086725
0.00127766
0.00297626
0.632642
0.000927665
0.388182
0.0178424
0.00138443
0.0109618
0.00057429
32.7015
0.00194168
0.0259408
1.0557
0.569914
1.83095
2.10207
0.00814268
2.4087
0.00538082
3.13153
60.208
0.00493176
0.629852
0.533239
1.51646
0.0243408
0.127127
44.9401
0.0446413
0.429817
2.32836
0.303909
0.106011
18.4655
0.139818
438.595
0.0229435
18.9414
0.435073
14.5364
18.3868
0.000672317
23.4939
6.14412
0.513816
296.816
12.4733
103.585
0.880979
4.36284
0.28217
0.185963
0.0208129
0.00274979
0.0748968
0.0383145
0.0751383
0.0000261101
0.000427112
3.00406
0.00102047
1149.5
380.894
0.0890018
0.673895
16.8572
8.45952
0.218716
0.325841
6.95552
0.000549863
0.00269035
18.4713
1.63568
0.229016
60.5143
1.55211
0.137701
1090.5
0.0241969
0.0319121
1.61529
23.8459
9.6136
0.287638
0.0200226
0.00638088
0.0362822
2.97405
5.07768
0.0302861
1.07396
0.486096
0.337056
0.119041
0.15242
1.01287
0.116239
7.44642
1.28359
6.63575
0.998348
0.0000711962
0.0637358
0.056455
0.0232572
0.0103022
0.277471
0.000189605
0.00615566
0.0172933
0.8741
0.617056
7.95128
0.0151059
0.0530652
0.0876343
0.844081
23.0122
1.79993
1.90238
0.00437068
0.996521
88.4799
0.0174207
39.0441
0.0372752
0.000265742
0.019004
1.01837
0.00260295
1.302
242.634
29.2485
3.27229
0.00531314
158.777
1.20647
14.6529
1.3887
0.70695
0.359609
0.170033
32.2414
0.0194484
0.00778509
0.875171
0.0101549
3.86833
0.368942
0.118357
0.0137651
0.0159644
67.4783
0.0950674
0.010055
0.39949
0.0573739
8.29427
83.2932
0.21404
110.148
0.625237
22.9771
195.818
90.1465
0.0670778
2.63739
6.29601
0.0370902
0.00295143
0.00222335
0.0580601
0.000205868
0.419649
0.0856794
0.0251894
0.000542157
6.96518
16.4451
0.54264
0.112073
0.179839
0.630682
755.936
187.622
0.0575178
5.33364
0.00555987
0.174153
23.7169
0.0634042
6.01222
0.107491
8.47385
0.00393984
0.901947
15.1776
62.9047
0.483306
21.2674
27.9133
2.19084
2.3039
0.00827994
0.397744
64.9956
12.3832
1.44727
1.9935
126.626
0.159573
0.135545
0.846932
0.0274423
0.0380281
10.1004
2185.72
0.0723026
1.72371
0.154563
0.657888
0.0035324
89.1018
2.76379
0.000792939
25.2391
348.482
0.0463038
121.491
0.337567
0.00166228
1.4476
86.1207
8.26024
20.0133
1.23363
0.0271174
0.372941
0.000367184
0.734621
14.5753
0.282352
5.14052
38937
0.0233697
390.492
0.779709
0.0619693
0.0334523
0.555487
0.0380949
0.110341
6.01594
61.8573
0.00225134
45.2926
14.0527
4.06968
10.8692
1.31765
1.61454
0.762735
431.129
0.0109706
0.0037339
2.63976
0.171954
16.3053
9.83574
3.16423
0.679565
0.00245362
0.0385975
16.7969
0.605829
0.0416528
3702.7
0.008771
0.0189043
0.0304494
19.5304
8.77568
49.1714
0.3641
0.716411
0.0433138
0.152758
0.0003329
0.000836585
0.0382409
0.343745
0.0114085
0.00206786
69070.9
0.0104773
0.0424086
0.465937
7.83285
0.0386464
0.0319121
83.4927
0.142664
0.0581479
43.7628
0.0159965
35.233
0.000430908
0.541996
1.35461
0.0078123
0.467433
0.708475
0.336696
19.1072
0.503937
8.81557
0.745469
10.6718
1.55365
1.00519
0.0292693
3.68419
0.00394088
0.464016
0.0446483
0.00727009
0.25447
12.7809
2.05733
0.172855
62.4562
1.49597
0.0625135
0.096836
0.00327604
8.3719
10.7853
0.0146028
0.0971609
0.00312889
1.85274
3.83428
0.00835654
62.4562
4.06576
28.7151
0.456082
21.8654
0.103227
0.262042
0.132206
0.440188
0.134431
10.7093
0.279188
7.01192
134.159
0.0454122
12.1991
254.189
0.134512
4.20314
14.3665
0.0359057
0.279874
0.919793
0.409629
6404.31
0.032604
18.4147
0.00114827
6.58068
0.254103
1.01474
0.869146
0.0123596
0.339401
0.0535244
39.9361
12.5484
1.00187
1.10409
0.602642
3.76314
0.0280846
0.380226
0.00899697
289.901
9.07962
3.85531
182.757
4.48939
0.0443285
0.00400105
0.00926006
59.7443
138.312
0.0486827
25.0293
0.481712
39.4023
20.8069
16.875
803.664
0.0517958
99.7286
0.137428
0.0267539
14.5332
1.18891
13.8224
0.483648
0.349804
0.689653
3.76407
2356.96
2.71944
0.819147
7.30724
3.5822
70.8693
0.00166482
0.596751
18.5046
0.0479233
0.0000092013
0.0198788
98.8519
0.00685502
0.0383403
7.98123
0.573887
49.7101
0.165968
41.3575
108.683
0.0000167058
39.8741
0.252726
0.77872
0.800334
54.3708
0.0189211
73.2617
2.16268
5.49517
105.815
73.7138
0.00925101
0.326903
0.633042
6.20926
0.00017895
38.9035
17.8365
1.37577
227.954
0.0219757
0.031758
0.00804729
155.49
0.0210924
0.0403204
1.42116
0.0000690449
0.632528
0.0346791
0.261696
0.213145
0.0229119
0.0521986
0.0331277
0.00428147
0.633841
560.75
3.67392
11.9558
42.8923
0.375181
495.283
0.507496
0.0384376
0.186252
0.0348312
0.048157
2.56104
0.118672
0.001821
0.998301
25.5592
0.00639588
0.00232554
6.02006
104.138
0.184874
0.0544545
195.928
791.915
4.20211
212.992
0.0225031
0.191808
60803.7
0.00500017
0.0255377
253.823
0.744452
0.0683666
315.133
85.4645
40.6141
3.43271
212.777
6.5087
0.00163804
0.00000000014367
0.88424
1.06854
2.02487
4.75661
0.0281581
30.0826
0.232609
20.3199
0.0180395
0.575201
14.7442
257.766
452.751
0.0523242
0.00439423
794.176
1.02198
43.554
3.15026
0.00110094
12.118
49.284
34.2278
418.005
5.59276
83.8349
0.913322
0.00664319
0.022605
0.00617992
0.641098
0.615053
0.261565
0.00139979
0.339414
90.0432
2.31421
0.989857
0.0209297
5.46905
1.08001
22.0665
1719.3
0.370669
5.16973
0.049867
3.67501
0.128339
74.2093
503.966
0.230726
0.175497
0.089637
0.00173426
0.567514
0.0832765
4.57381
0.000686343
0.114806
0.00793383
3.03609
52.6154
42.0722
0.98543
0.707324
0.57459
0.0436936
1.65171
0.058112
0.392588
0.694148
0.284054
44.5651
1.14197
53.9628
1.14675
0.243742
0.0067132
1728.14
10.0899
48.745
0.0109669
0.800748
1.4275
0.109687
1.00028
0.00076746
6.49864
0.884172
85.974
0.202323
0.0550746
0.347584
0.69965
0.0000983522
0.00367963
0.182521
0.000552256
600.813
140.585
0.00424717
2.06108
0.028439
0.000112524
0.000536887
0.467591
0.0972432
0.137602
2011.38
0.842704
0.0650685
0.275904
1.02506
0.00314556
39.8285
0.510101
0.149511
0.0727006
0.259392
0.110282
66.4437
1.53202
0.0938405
8.73753
142.496
230.564
188.96
3.00053
13.4929
6.6165
1.56255
0.0611822
0.00124251
44.9132
1.57596
0.157018
0.0989264
3.59586
1.76458
0.340504
0.106966
0.166332
86.7732
6.63958
0.218768
0.0387781
0.0186686
0.0397279
6.34405
1.00109
1.60474
0.0361835
1.3389
0.0129176
12.6562
0.476885
21.6775
2.06153
1.92747
0.000194093
24.96
0.00696334
0.276373
0.324852
0.302523
0.385494
0.0356646
0.0944915
0.0763394
0.530847
21.6432
5.12429
1.71399
3.5354
0.254447
59483.2
0.170956
0.873423
180.371
0.0329423
0.0201558
0.00638879
0.124707
1.63822
4.01773
0.445769
0.0000800148
55.5381
75.5747
0.000973073
144.742
0.995639
11.3832
2.97712
2.91668
0.015704
7.54222
43.657
0.0321893
0.0248458
60.7823
529.3
3.39029
0.0353627
90.7086
1.33025
30.5951
0.602074
0.101587
1.11368
2.92141
33.4105
1.32301
3.54148
0.00320435
55.4578
2.30764
0.749084
0.166964
0.000504546
3.00159
1.11275
0.052137
0.266614
2485.57
140.35
0.00957737
142.481
0.448501
0.247395
0.0985317
0.0283741
237.404
80.8823
4.92855
0.395674
0.0281093
4.44937
8.48292
2.6086
0.171646
29.4969
0.912209
3.49492
0.0401063
0.421994
0.0241783
0.0848116
17.4785
145.68
675.911
199.111
526.737
1.18885
0.125014
302.666
0.211234
371.944
287.331
3449.1
70.817
19.6885
24.2337
50.84
0.00176058
0.0651001
7.83375
0.256544
0.56789
4.62192
0.094849
386.492
6.33706
21.5024
0.0780323
3.00563
0.112138
0.600046
0.608811
1.16126
4.06246
0.0582729
0.148789
0.860585
326.638
2.83661
1.76158
916.608
241.403
2337.06
0.158058
2.35494
0.102799
2282.86
2.71999
0.077081
3.6237
2.18664
55.8392
0.998969
0.362796
0.773249
767.66
50.5739
0.0145453
0.666139
0.0413137
0.274386
0.0375197
0.133638
0.534732
0.397229
18.5127
11.1648
0.778983
0.00995658
10.8402
0.00619825
1.0276
93.3425
0.783385
0.0120876
0.330851
31.8512
3.06845
0.486158
0.0438154
19.3319
1.4301
0.365977
0.00546492
0.416475
224.568
0.0152984
25.7271
0.494261
2.25039
94.5491
0.00776804
550.491
0.714321
0.0289501
2.22967
0.28137
3.69916
1786.47
0.0145886
0.218966
0.492008
114.931
0.930906
1190
0.161238
0.0671078
782.213
0.585609
5.55183
13.2426
0.000785945
46.4349
0.138748
0.0859187
26.8765
0.162191
0.727473
0.708779
0.053696
0.399987
1.87756
1305
11.8718
299.067
121.889
0.0410356
0.0281666
0.326365
4.32505
10.9087
0.822788
0.00708346
9.88965
0.78482
37.3471
0.115278
0.279948
4.20317
11.9168
153.535
0.0985121
3.96516
0.0263182
0.847769
1.19305
0.207511
0.187251
0.020269
0.37469
0.168869
0.717286
2.67137
0.179695
1.08149
0.273992
0.806344
0.379677
150.788
379.602
0.0113566
0.170223
13.4854
215.028
9.74522
460.042
0.050792
0.307462
3.65293
0.123478
0.497467
16.1963
0.0000343045
1.33459
164.194
0.123101
4.73297
766.445
18.5636
0.04959
244.785
0.128418
359.039
0.121541
0.886283
5.63975
0.343135
33501
0.152156
0.969436
0.922454
552.476
380.474
1.48531
0.20335
0.0252547
0.102795
545.711
0.0208387
0.0385268
189.629
0.729862
74.9985
142.959
0.0380423
0.0589667
1.97263
11.0421
782.709
2.74721
58.3157
3.31621
0.406858
29.5348
1.23703
2.23967
0.0253571
69.2205
90.3061
6.33851
2.7008
10170
1.09285
1152.1
3.30886
0.0500542
186.879
25.9905
1.57
0.0111963
3.09532
0.381626
0.0388355
249.925
5.34257
3221.08
47.1492
0.444027
0.00000432
1.07723
13.5924
0.108492
0.0989551
10.5085
0.319371
0.413497
268.242
1.32037
0.292992
0.496621
61.2594
18.6985
2.59195
0.503001
3.56667
0.0286515
0.0535201
8.29025
0.419741
0.0876677
0.24055
1920.09
698.957
0.0000144039
0.0359211
3.55286
66.1835
0.111721
0.130107
0.211691
774.694
236.8
73.7477
526.69
0.0207691
157.714
3.37738
4.43172
0.368327
271.875
124.214
0.000000001763
1245.24
0.268238
1.86757
2.37345
0.938423
0.208924
0.00290595
11.3387
0.0537155
971.386
0.837667
2770.33
79.5865
450.603
0.929488
0.0992398
0.149651
0.0205257
0.0119514
33.3845
13.4695
0.401804
0.348512
1279.75
260.075
1.98593
21.7871
1.9346
0.185801
0.117565
0.00199191
0.956062
46.7786
0.0206778
0.0583801
3.48396
634.32
1117.02
0.915512
1.00327
1.34284
5.84354
665
0.000779573
0.0333476
93.4129
0.575722
1.18375
0.462587
6.12121
3.93395
118.494
38.9584
3.74172
0.233202
1.75534
0.017211
7.21689
0.0699195
1.36423
0.0126024
1.98146
0.323326
0.834526
0.00521608
0.00492243
230.032
4.12366
322.731
0.569122
0.016152
24.7862
1.91692
0.00234976
3.13135
0.315247
1.02666
30790.1
0.268155
6.37363
0.921906
0.874893
5828.51
0.333109
0.16993
0.261354
28.0064
7.56847
0.0113937
159.871
0.574604
1219.23
1.06016
0.757397
0.116451
31.0646
1.69071
3.03358
0.0216348
5.97966
45.6255
135.801
0.0295614
5.92119
10.796
3.07265
6.05075
1.10128
0.336105
0.00261619
0.0969967
0.052826
0.735833
21.881
0.345001
45.88
1.32509
0.324327
0.0264276
31.5517
8.48146
1.9644
0.0584829
0.921353
3.90667
25.7746
0.732026
1709.74
58.5977
0.0734896
0.80895
0.214145
0.106397
12.8315
37.3449
5.77144
344.618
0.655008
0.793273
0.00171114
3552.19
0.141404
0.422276
0.177036
302.958
0.117271
5.32576
6.97589
0.340208
3.22196
1.72606
0.0198042
15.4133
1.03751
0.172736
6.81133
4.89967
0.686048
0.576332
0.886464
0.771204
0.151674
0.0144167
0.115478
0.0152028
7.41658
4.44364
0.0769654
0.0831049
1.33227
0.0114166
1.44647
0.250085
0.828137
282.735
46986.4
4.97416
0.39323
0.0539288
1.09653
0.168568
0.00495962
6.59465
2.63758
6.61048
668.57
0.0754723
26.5709
0.000108034
0.206621
0.15155
4914.53
0.0512997
0.00155314
0.467717
25.8976
58.408
2.06277
71.5865
0.0569021
37.3781
1.44108
0.859874
0.129804
0.0000107287
0.0663512
7.24475
0.123007
22.7051
0.0627933
4.36244
1.46216
7.69701
0.542966
911.855
0.0152345
7.89925
33.2698
0.39492
0.194349
623.219
0.042488
0.539262
0.41808
39.3407
0.235121
162.563
1.43543
0.00689162
47.7095
0.565477
0.000028824
0.182076
101.113
842.466
0.727925
0.0000695756
1.66329
0.0650087
0.235846
0.0608888
1.00507
6.32499
3.06378
705.654
0.0000023872
0.0151501
431.357
17.1646
0.196997
0.00801272
0.129382
0.000369623
1.71206
0.00000000016401
0.731785
13.5581
0.000524304
0.0526977
4804.06
0.0195915
0.0119772
0.136629
10.7233
0.00589349
0.0000000712157
0.813653
0.206241
1.3466
0.250698
0.000000407178
0.405217
0.0226869
1.06388
5.53952
3.8531
1.81213
0.0510924
1.62828
0.0211454
1.1243
0.194754
1.7328
0.662393
0.644573
0.871647
0.00966601
1.59478
0.0000000262317
0.0011973
0.255802
0.0243402
39.7421
3.13976
16.4353
53.2902
0.68594
5.30062
83.0312
4.96144
0.00361065
1.89551
0.808411
0.156458
9.08548
1.04752
0.488332
0.0520745
0.522571
0.975706
11.4889
7.18503
1.87611
5.00196
1.67645
0.11543
0.078563
0.0210756
0.00574298
0.00959688
4.01661
0.000387221
0.141497
161.244
0.217849
33.1919
11.3047
0.8025
1.23479
2.43925
10.1711
0.000000649596
0.65452
1.30413
0.271695
2.42383
0.82424
1.04732
0.815054
0.00269214
19.5436
2.8482
0.381064
0.00416914
0.805707
0.234259
0.970263
1.09364
0.872323
0.0000411837
0.0304245
4.15563
1.45544
210.893
0.637318
4.69631
0.0196668
5.39206
0.168558
1.51775
3.5579
4.04458
7.85796
0.16343
0.0179507
0.121349
49.3217
0.262746
5.24475
29.0172
562.983
5.11417
0.00666536
23.4882
3.79365
178.404
2.99185
0.186298
23.7638
0.0916433
0.238764
4.674
2.56065
5.10107
4.32884
0.00838296
0.0201219
0.560135
0.0111086
0.0483731
1.01049
0.0102394
14.9634
0.777254
0.0810947
0.0000000473704
0.0163752
0.00000000782158
3.93474
0.590715
0.0261943
5.60646
0.0237827
4.9398
0.297239
0.998728
0.000000152304
2.83993
16.655
9.26048
0.0254429
5.67577
2.40313
1.12201
12.1452
0.0347167
1.35964
0.0203014
0.0465148
0.0000347396
0.0180905
30.1903
0.477777
0.290138
0.743435
0.0373003
1.26186
2.80343
1.26859
185.729
0.192796
309.985
1.94317
4.69221
1.00159
0.0117062
0.00446559
11.9113
0.974727
0.0226666
10940.7
5.8297
0.0629833
0.514032
0.201995
1.05912
0.000480203
0.462122
4.61763
109.05
1.4564
0.0776309
0.313698
0.450307
0.00796271
1.12309
2.11982
6.78684
1.30768
6.17818
4.56441
7.82839
0.117262
6.15362
1257.55
0.00648646
0.00427616
12.2698
0.253702
2.72929
65.8496
3954.73
0.23244
1.00138
0.602695
1.35984
0.104644
0.0657838
3.88474
11003
1.00081
0.693697
197.871
6.6223
0.0920355
0.0336149
4450.99
0.31034
0.189233
0.0150357
0.516579
4.33398
1.55562
0.278299
1.50503
0.425498
0.074772
566.397
0.683155
4.55442
0.0192774
0.806805
0.0695991
77.1529
0.164299
1.54803
0.00402601
0.000000465996
0.931104
0.445112
5.03601
0.0313506
0.151774
4.5993
0.00881921
4.07279
0.000000010454
0.256239
0.00704388
0.61211
0.282216
4.67587
0.968698
0.015146
105.676
0.546821
0.127331
0.603878
0.519049
538.703
0.0217872
14.388
0.338641
0.0393354
2.63289
0.298774
7.63293
0.266724
0.138059
0.0943229
0.000000464466
0.00587045
7480.24
0.152374
162.969
0.930119
0.128155
0.020142
0.186509
0.0345583
0.00000000035736
14.8433
0.0000000126563
0.0565063
0.0000000810842
14.8526
0.0000000420823
0.0000000660782
0.00000000235383
0.000000103045
0.0000000321994
0.00649939
1.73982
1017.07
0.000000016802
0.679112
0.0000000521182
0.515021
0.136631
0.197214
0.0000000269081
0.0000000751145
0.0787751
0.232574
1.50582
3.29863
156.897
11.1401
0.00976056
0.181677
0.00000000235262
0.266373
0.101258
0.144353
0.776429
0.226144
0.0538568
0.154933
0.034507
52.5036
0.399518
1.19258
0.000222082
0.0954623
0.248547
1.09011
0.0130134
0.0199287
0.520411
0.275968
0.0712248
0.0805846
0.0800085
0.35465
0.00000000092479
0.89155
0.16281
6.04749
0.662889
0.0964582
0.278766
0.0160522
0.134547
3.19272
0.0446009
0.0594155
1.00317
1.02799
0.809704
1136.68
35.0736
0.0217783
0.405795
0.028831
0.215567
0.000396344
0.00000410147
1.37632
0.0279476
39.2322
15.9949
0.0000965841
453.674
0.0192704
0.360019
1.64889
0.0336582
0.00000164178
0.239919
0.453637
0.00000288791
0.0252064
0.461392
0.0621062
3.96344
10.07
222.971
5.05808
0.452781
5.74448
0.000000180499
0.460242
0.039041
19.9631
16.2593
1.72555
1.00683
3.38915
1.92721
0.00000000021342
0.054818
0.0288672
0.00000000713277
1.54964
42.7447
0.0576862
0.992423
39.55
0.00000000023532
1.37407
0.0112348
0.169444
1.3037
0.000000416627
0.000660216
0.0443741
0.00161967
0.00000000018719
0.0250432
0.061952
0.372548
0.00000214394
0.238018
0.0757626
0.0702993
6.51649
0.0522434
0.009287
0.175027
8.3459
4.6179
0.0255732
0.419681
0.0555155
0.00388815
0.0481077
0.0048965
0.0295506
0.149939
0.0252372
0.357891
0.00111521
0.254645
0.970125
0.0408581
0.0334363
1.33386
0.0303259
2.87028
0.0771175
0.44524
0.491163
0.00948151
0.427014
0.0383845
0.0340553
0.0654895
0.264482
0.0568415
0.0208397
0.145661
1.60768
0.0672986
0.894277
0.0881552
0.000301081
1.16517
0.53255
5.21797
0.000255122
0.00000000000773
0.984383
0.0492505
1.32896
0.102415
65.4375
0.0000000185163
0.036639
1.30098
0.0137664
0.0000021373
0.00000000015002
3.73283
0.226645
124.533
1.48888
4.11361
0.0122139
0.359084