37339804
31181376
27795702
22237472
21918936
21741090
21322750
20896820
20667656
19110616
16459472
16382376
15415197
15257673
14974073
14970460
14862111
14158573
13794450
13635397
13544462
13095166
12764935
12593252
12591696
11235018
11167392
11078546
10915364
10882757
10722815
10268653
9967677
9565642
9425622
9305116
9259009
9143980
8837544
8631876
8473405
8274651
8253226
8230290
8210745
7845501
7598189
7489742
7451889
7427096
7406751
7387817
7373655
7323079
7046892
6811595
6807984
6668865
6526439
6254571
6139774
5991801
5989024
5926668
5775938
5742486
5624498
5516158
5513597
5510341
5504305
5421806
5381101
5354826
5259296
5215747
5132751
5061439
5005524
4991654
4955506
4922192
4874982
4727902
4709990
4696535
4694722
4550831
4543684
4520695
4434905
4407928
4371005
4335770
4278350
4263843
4263745
4247446
4199392
4174774
4164167
4160682
4119633
4103015
4033783
4007505
3983540
3975985
3974322
3969937
3880314
3793585
3793363
3790792
3764619
3764559
3749712
3742198
3726050
3725342
3709958
3649023
3608928
3566791
3562719
3542020
3531887
3510050
3490030
3469510
3465946
3464123
3407463
3394309
3388809
3343816
3315113
3264101
3244710
3229800
3212604
3193029
3177315
3176254
3171076
3153808
3153425
3153255
3144473
3113445
3108108
3075257
3042941
3024020
3000604
2983174
2972091
2971587
2945858
2941522
2940487
2930341
2921376
2914619
2905993
2860445
2843925
2836941
2824345
2818288
2809508
2809158
2770106
2750120
2747887
2746160
2731208
2713230
2690703
2685108
2679080
2670121
2655282
2642794
2633145
2626374
2609465
2606850
2606351
2605871
2584133
2556972
2545159
2522407
2481530
2469630
2461883
2446882
2445462
2439814
2439467
2434609
2402680
2397447
2387920
2370776
2368348
2360474
2351145
2334959
2323660
2302374
2299186
2296118
2290461
2280733
2272812
2271507
2261561
2239344
2238823
2232521
2226693
2226508
2225906
2193219
2190571
2182885
2182151
2181104
2176927
2143591
2142866
2123018
2109869
2104113
2095688
2078766
2077569
2067333
2059534
2039472
2038822
2021116
2019960
2003671
2002884
1992626
1991134
1984133
1960681
1944910
1940571
1934891
1933522
1931705
1927623
1911338
1907903
1907293
1907071
1901947
1901570
1900571
1899081
1886734
1885456
1881796
1877847
1874394
1866401
1848932
1803711
1795235
1794248
1792565
1789620
1788995
1788913
1781999
1771865
1765534
1759906
1755721
1753269
1748540
1748247
1739687
1736799
1733630
1733581
1728435
1713021
1703487
1702048
1692509
1684991
1683029
1680669
1675866
1675226
1674258
1672457
1656571
1647001
1630092
1629621
1627304
1626584
1623240
1622454
1617168
1615094
1613797
1612249
1605526
1599927
1589865
1585961
1585010
1584599
1583663
1583164
1582351
1581730
1580659
1573731
1569459
1569013
1558993
1553530
1553373
1541861
1541824
1539758
1524622
1524234
1523822
1520240
1518329
1517501
1513142
1511768
1509826
1498475
1491076
1485363
1485300
1482971
1476115
1474748
1471867
1471644
1469193
1468954
1461918
1453747
1449830
1430870
1427720
1425987
1420533
1417247
1415463
1409820
1407928
1407572
1401786
1400311
1393345
1386791
1381731
1381569
1372244
1364446
1364154
1362480
1358608
1356280
1348882
1348238
1347865
1347120
1347065
1345445
1341015
1340913
1338086
1336999
1336752
1335700
1331826
1324319
1319042
1318418
1317530
1316757
1316445
1315369
1313433
1312824
1312353
1312199
1311494
1311172
1300725
1299462
1288357
1287439
1285964
1284311
1280495
1279794
1279092
1266533
1261042
1260817
1259112
1255073
1253939
1251867
1245303
1244591
1242055
1241953
1238809
1238322
1238274
1236764
1236425
1235426
1234992
1232887
1232190
1227444
1225129
1219579
1216288
1211789
1209032
1208306
1199929
1199515
1197824
1194681
1194621
1194431
1193224
1192348
1191470
1183090
1182498
1182011
1181912
1181590
1181387
1176490
1174248
1170870
1170491
1170332
1170327
1169889
1169790
1169244
1168535
1163584
1160167
1157519
1156585
1155006
1154702
1148957
1140298
1139561
1137147
1136923
1135065
1133430
1133371
1131854
1129361
1128652
1124909
1124728
1123873
1122713
1121697
1114740
1114388
1114385
1113546
1112112
1107305
1103265
1101823
1100407
1098931
1096233
1094581
1093289
1091173
1089181
1082815
1078846
1075861
1075647
1075424
1074642
1074383
1072852
1072807
1070692
1069840
1068051
1065192
1060113
1059686
1057600
1056551
1056180
1055178
1054775
1054743
1051771
1050908
1047613
1046604
1045719
1045708
1044548
1041886
1041183
1037115
1034693
1033205
1031220
1031082
1028734
1026529
1022118
1022088
1021350
1019111
1017379
1016514
1015538
1012007
1011890
1011790
1009340
1008709
1008508
1004240
1001570
1000755
1000750
999907
998321
997358
993744
992205
992183
990661
989117
986987
983128
981654
980130
979453
976171
975497
975387
974377
973671
971798
970831
967430
966759
963278
962145
961834
953042
951821
949229
944188
943489
943342
943136
942342
942323
941839
941660
939904
938444
937152
936927
935868
934916
934845
933968
930610
930387
929647
929191
926596
925893
924033
920395
918946
917484
917289
917021
915242
913921
913606
912468
912096
910778
910270
910030
909301
908109
907028
906443
902993
901405
900904
900094
899325
899094
898927
898681
896394
896009
894159
891744
891603
891049
890884
890180
890031
887232
887055
885818
883916
883255
877875
875941
875474
874924
874032
870935
870185
869548
868308
866741
866005
865000
864695
861158
859381
857167
856736
856354
856072
853497
850647
850179
850165
849674
848479
845746
845100
844307
840883
836031
835341
833637
831776
831013
829592
827719
824771
820297
819452
816983
816967
815780
813807
813696
812964
809415
808931
808149
806258
804759
804488
802988
801993
801982
801612
801264
798191
796974
795569
795424
795271
794008
790461
790403
787349
786652
784780
784323
783180
779530
778562
776555
775685
773217
772941
770976
769633
769620
769620
769307
769021
767557
766646
765742
764645
763554
763320
762698
759174
758795
751859
750373
749103
748981
747329
746711
745372
745055
744768
744726
744334
743610
743482
742227
741482
741455
739212
738074
737085
736098
735292
734832
734547
733825
732334
731984
731493
731481
730529
730229
729522
726675
726622
724159
724157
724044
723612
723276
722476
722026
721402
720662
720584
720439
717788
717067
716878
716754
716660
715946
715472
714983
714153
712961
711625
710650
710029
709854
709064
708612
706571
705667
705321
704615
704334
704271
703922
703588
703524
703194
702386
698868
698218
696889
696715
696510
695940
695704
695506
695461
694894
693811
693594
693552
690533
690456
689735
689640
688543
688192
687882
687795
687698
686568
685818
685434
685377
684626
684524
683500
680655
680156
679895
679623
678448
677222
676600
672272
672116
671812
671419
671395
670218
669347
668809
667501
667155
666656
665418
664262
664139
663893
663765
663607
662697
662549
662173
661953
661838
660863
660643
659777
657698
656136
655081
654261
654185
653879
653866
651601
651011
650977
649368
647988
646177
646101
645598
645488
645366
644895
644894
644727
644278
642750
642145
642085
641504
640396
639759
639722
639015
638264
637037
636613
636254
635579
635046
634594
634492
633808
633128
631310
631060
627763
627174
626791
624783
624706
624103
622862
622675
622590
622115
621505
621114
620974
620800
620131
619178
619116
619001
618859
618109
617812
617781
617236
616590
616511
616394
615924
615815
615167
613696
612502
612159
609939
609632
609345
606590
604724
604549
604546
603301
601712
600980
600708
600541
600254
599221
598547
597698
596713
596230
595210
594155
593871
593524
592972
592579
592553
592477
592117
591522
591252
591091
590686
589748
588413
588348
588212
587721
586049
585964
585678
584989
584645
584272
584209
583695
581579
581264
580877
580874
580586
580225
580191
579273
578956
578734
578222
577945
577560
577474
576666
576557
576506
576427
576057
576041
575652
575584
575105
574000
572358
571083
570752
570681
570576
570257
569991
569533
569029
568818
568186
567035
566331
565196
565015
564709
564685
563825
562824
562710
562405
562281
561197
560756
560746
559798
559574
559386
559300
558052
557280
557144
556930
556484
555589
555560
554503
553579
553451
553438
553084
552602
551879
551828
549364
548916
548445
547790
546816
546706
545847
545349
545307
544305
543855
543723
543622
543073
542599
542380
541366
540183
539978
539674
539157
538146
537418
537100
536745
536396
536334
536256
535777
535497
535124
534762
533792
533623
533505
532961
532766
532711
532613
532183
531952
531897
531353
530798
530738
530690
530078
530037
529991
529283
528951
528457
527880
527682
527063
527050
527033
526217
525880
525634
525498
525398
524519
524344
524067
523903
523577
523107
522676
522366
522207
521966
521669
521270
520856
520601
520282
519674
519056
518433
516403
516280
516015
515736
515109
514996
514419
514110
513553
511949
511889
511368
511227
510021
509894
509278
509038
508241
508012
507257
505846
505157
505019
504857
504491
503988
503551
502734
502564
501957
501747
501375
501054
500925
500921
500785
37393128
30290936
27058480
22043028
21782378
21005860
20900604
20462610
20411274
19165340
16093786
15872179
15190336
15153729
14850066
14342439
14368332
13923452
13589078
13301532
13458075
12642423
12326532
12537954
12356820
10971108
10978360
11017230
10770487
10719188
10539415
10004144
9963452
9552132
9304016
9135768
9134708
8847372
8602317
8329798
8364977
8000965
8059441
8283550
7996830
7642147
7547652
7184590
7407852
7069992
7326852
7231447
7220104
7144260
6701650
6767223
6629347
6617513
6387195
6196731
6084430
5935053
5828858
5782747
5617849
5619977
5585556
5528632
5360185
5322696
5467808
5331800
5280664
5202762
5179479
5117603
5019824
4967733
4793699
4925987
4874095
4734881
4678198
4645843
4617560
4610176
4577723
4443186
4368865
4425761
4398383
4327316
4241514
4221532
4257056
4116209
4181479
4220566
4114393
4127091
3992411
4137417
4073465
3999050
4000263
3909333
3981560
3891127
3859608
3894262
3839076
3752357
3663227
3720141
3676515
3685701
3625328
3555411
3678732
3623646
3598421
3551961
3391277
3562038
3425638
3462295
3368585
3394273
3348062
3298364
3465190
3277740
3317110
3336562
3317784
3300794
3256020
3208336
3194848
3140442
3068164
3082055
3114553
3158313
3020232
3080522
3123990
3153355
3140181
3016713
3084244
2972988
2994218
2992953
2988176
2934841
2944403
2956879
2938992
2913974
2893455
2922320
2878344
2780331
2774133
2786600
2773553
2727209
2726835
2801039
2781980
2767661
2655320
2730076
2690011
2653989
2721485
2617686
2584752
2639735
2686530
2669680
2565660
2525263
2540018
2607437
2526702
2580191
2581079
2524543
2478262
2514005
2517381
2467241
2436447
2388090
2387094
2389547
2448417
2392045
2406182
2424425
2365201
2338547
2282009
2341443
2337958
2334462
2275777
2327417
2321960
2260788
2272914
2257999
2229220
2236905
2202946
2245162
2210246
2163394
2190495
2189973
2166906
2165257
2174968
2145970
2198962
2186853
2148293
2140398
2132037
2077757
2140423
2065728
2075857
2039845
2080788
2042106
2083223
2041959
2015091
1992773
2028104
1986268
1975790
1916781
1907350
1934847
1938272
1936908
1870281
1929944
1851558
1910188
1878032
1889071
1895742
1892314
1864424
1859001
1884802
1889095
1866492
1873763
1860291
1849829
1856849
1857797
1820127
1827878
1825450
1825080
1759378
1792163
1803247
1770850
1783251
1789954
1745333
1727169
1768073
1734173
1752388
1694076
1722700
1712688
1705886
1704118
1684649
1707310
1719268
1696440
1687310
1617602
1642169
1664942
1657726
1629932
1673332
1663748
1651362
1614854
1609221
1632798
1629166
1606564
1599434
1611133
1579049
1603332
1585774
1546064
1584358
1608236
1583553
1548423
1558412
1549729
1535223
1584540
1571944
1559581
1539437
1580413
1564490
1547484
1527107
1565656
1517235
1496389
1532128
1538302
1537640
1529920
1519214
1460114
1458400
1521506
1440060
1494249
1488782
1503812
1482816
1471900
1485763
1461182
1456844
1444085
1414790
1422547
1439195
1423515
1449787
1437554
1434649
1437838
1431260
1428383
1386877
1425780
1429004
1399629
1398645
1393723
1378375
1393086
1395356
1397939
1377371
1378249
1334356
1352210
1348056
1314636
1339103
1338828
1335804
1346485
1328136
1331453
1331186
1304315
1345340
1285039
1336403
1300088
1295975
1320591
1323039
1303907
1291848
1311321
1306937
1303141
1259844
1274287
1304851
1312947
1286854
1280960
1270948
1261310
1305737
1276028
1287937
1275851
1257726
1285387
1253872
1255287
1280968
1241450
1272063
1252523
1253742
1244250
1195907
1239331
1257754
1214281
1214047
1224080
1210554
1169044
1228179
1204716
1197923
1204883
1189963
1201900
1216564
1209836
1227795
1197000
1214362
1207637
1169932
1203227
1165983
1186912
1168983
1135775
1173816
1164665
1146758
1164793
1162886
1159981
1160045
1172619
1159719
1166978
1120430
1164668
1182339
1161475
1157413
1141734
1121720
1142799
1122440
1142976
1132101
1165085
1148472
1145359
1129198
1163296
1148972
1125316
1147431
1134393
1137494
1120872
1136291
1136201
1116728
1116740
1113210
1078002
1077317
1099546
1118789
1106453
1083867
1102463
1056440
1110477
1091512
1081466
1063231
1050860
1056485
1105766
1083345
1087745
1081031
1060702
1039941
1054102
1057936
1075022
1086275
1069196
1077833
1054766
1053125
1071419
1012996
1053670
1063698
1067719
1062622
1037164
1063085
1036162
1038429
1039492
991820
1020303
1041377
1028518
1055974
1038296
1019389
1023777
1042471
1025740
969535
1013064
1023900
1031037
1010413
1024166
1016019
988716
1021229
1012614
989880
1009380
972124
986923
1009534
986192
1002709
1001278
988351
1010026
980455
995347
1015570
986853
1009289
959881
968135
1004688
983784
985656
962985
980455
980070
979381
983751
945519
937615
973506
959658
938683
968993
966597
942342
962694
918051
957214
949866
943922
919192
922532
936382
949646
932263
948793
928895
957345
953745
931756
933380
942208
918946
943768
925954
923552
925522
921502
915712
891158
913212
927916
907839
922999
917700
917477
918529
920577
902751
891494
913741
907732
880494
881319
891173
895288
899084
901773
906237
898461
890013
898902
910330
889231
899182
897609
872604
896864
901708
881018
873744
871690
892089
905530
869837
855941
885516
851071
886620
884054
880722
856705
858103
857567
851808
877258
881808
848096
857306
867885
882402
864633
845154
854488
843292
859435
828248
855663
844673
846365
843196
853347
847924
846255
846374
821967
812975
849996
836003
839054
830010
839189
851146
826598
831175
836727
821043
834204
828324
842680
823974
833724
822996
826109
814166
832093
813553
816593
775034
777697
773822
797369
791297
809481
794262
812166
781940
805986
793044
783483
795246
793641
786485
761329
804298
783669
764135
757655
777536
785997
783484
772872
787610
765372
775322
775620
771878
777156
751803
774022
774031
760885
765115
766770
742150
751034
766688
744674
747588
753138
768731
737654
761249
758214
747208
752189
733879
739632
760764
737903
739182
742011
737000
738157
723267
716002
737291
715130
716261
726950
734856
732005
715218
718649
716748
692050
742612
696061
724747
729220
726172
730158
705078
713621
730828
708981
736167
715605
721795
713677
706657
713559
694892
715965
713357
724696
714111
715007
679418
723758
712715
682299
702280
717027
705121
694716
708559
707134
699679
695165
696639
696630
704559
709951
700095
700367
699226
678619
685908
708357
702085
695614
689771
682342
679456
686398
665150
673626
697564
691987
675082
703790
691949
676996
700252
684751
666370
682065
678841
694053
686896
688693
662863
682542
686210
665524
648889
680971
668899
679802
678521
673027
671413
683604
675384
665186
683581
677766
668775
684878
656036
667910
655663
677589
654441
674634
679613
668405
664575
665707
641911
650060
676830
634197
662202
655714
659410
657277
636293
652723
640271
667085
634508
639167
663145
637795
658645
641249
644359
651875
642592
644782
647419
654258
629527
631203
632347
625304
642709
645874
651338
651042
644738
638229
634977
641380
633453
626067
642447
637255
630295
638855
625290
637539
630982
633551
641401
638843
639783
593596
638188
604159
637245
626192
630175
633151
605575
631942
630632
616994
632692
629658
622636
605743
630692
606633
619358
613437
619871
624896
589731
610887
622377
613668
613617
611566
599714
597679
613373
586667
600121
612535
591080
605327
607055
610521
599611
599186
609873
599812
616781
607692
604149
618706
612365
606909
602128
609754
588772
596362
594482
576241
579273
588334
572028
575696
595275
599792
595642
577513
585317
584631
590522
591052
575073
588540
598465
575625
578374
566065
565509
590940
583629
588566
578762
590032
586187
589600
591042
578222
578992
588939
585877
578273
567839
569911
577808
563456
572967
576157
582128
579095
575476
575481
571876
579620
569224
561369
569048
566083
567912
560930
567029
559613
570115
551474
564540
565986
562379
558615
565253
584537
565449
565735
550240
540789
562755
562466
564578
558524
562917
535407
568812
560962
551500
565759
565354
555073
555621
553302
567945
532689
549586
559027
557589
561397
537329
551319
553755
547952
546688
556899
551006
545941
549966
539179
552178
546649
547724
542495
551288
527779
544115
539445
533257
544207
544389
543729
550575
534288
533135
533453
539052
510631
548992
534486
538150
544207
541485
532856
523914
526069
536775
527655
536913
540317
538894
524937
524577
528079
536976
534338
522062
528763
525093
506356
520371
520568
534726
534947
527326
513457
520926
513369
526912
509368
523818
507643
521537
527279
514610
517342
510275
527720
515909
514662
509765
508575
493896
531030
511410
511391
507934
514455
503397
507462
523543
521744
516755
519511
517635
510813
515439
517549
497578
505117
514227
481718
523092
499396
522100
510419
511843
511738
500867
513231
515076
503271
504158
505024
485660
489178
490123
513003
502866
500094
487815
498002
511941
508230
498261
505687
498294
502594
505870
509958
501423
503179
507291
504946
482027
492919
499783
496002
484324
493712
495968
498642
495308
494654
465599
487133
500776
491287